6
3
4
3
6
7
8
9
4
10
12
13
12
2
5
6
4
5
3
2
6
7
6
10
7
8
9
5
7
6
6
10
11
7
7
8
7
8
8
9
8
9
10
9
10
7
8
9
7
8
7
9
10
8
9
10
8
7
9
8
7
12
13
11
12
12
8
11
8
9
7
3
9
10
5
7
8
6
4
8
7
8
8
9
3
4
2
5
6
7
4
5
7
6
12
5
3
4
6
7
5
6
5
6
7
8
9
10
11
5
6
8
9
7
8
7
8
10
11
9
7
8
6
5
4
6
7
8
9
10
9
8
7
8
9
10
11
12
11
10
11
10
9
9
6
7
11
3
9
5
6
6
7
4
6
7
7
13
8
7
12
14
5
2
5
9
6
10
3
8
9
5
6
4
8
9
7
8
3
9
6
11
5
6
5
6
5
6
4
7
8
5
6
4
6
4
5
6
7
6
9
7
6
7
11
12
5
6
7
8
9
10
11
6
5
8
5
8
3
4
4
8
3
6
9
2
6
7
9
4
5
7
8
9
10
8
3
4
6
6
9
11
6
8
11
10
6
8
3
4
5
9
5
8
7
10
5
8
10
10
4
9
10
10
5
13
7
8
7
8
5
6
8
3
4
5
9
